3.443120500216209479e+01
3.443120500216209479e+01
3.443120500216209479e+01
3.443120500216209479e+01
3.443120500216209479e+01
3.841268298782213719e+01
4.072374673326045524e+01
4.181509977319943516e+01
4.232363247131284822e+01
4.274157927330412576e+01
4.327054512387618246e+01
4.388071249475713387e+01
4.446077255703101372e+01
4.493436513165880086e+01
4.529339337672618626e+01
4.557134216983035913e+01
4.580405924235414972e+01
4.600900403356851598e+01
4.618671174481346497e+01
4.633222633254425205e+01
4.644402665609528924e+01
4.652591033541007448e+01
4.658409362759383043e+01
4.662355081255518741e+01
4.664602960753090599e+01
4.665023084354823624e+01
4.663359382226649075e+01
4.659472122796636029e+01
4.653530813120691079e+01
4.646054454433004111e+01
4.637755041505488407e+01
4.629243645773807003e+01
4.620757576869744554e+01
4.612085477667069711e+01
4.602757117673738207e+01
4.592375572403161499e+01
4.580851588108990313e+01
4.568381342502824083e+01
4.555235008745984260e+01
4.541571817767983532e+01
4.527417834808718311e+01
4.512748934252816468e+01
4.497548863690644794e+01
4.481809087120657153e+01
4.465526512054506014e+01
4.448718417191712859e+01
4.431412096269778544e+01
4.413607836811121388e+01
4.395297227211580804e+01
4.376592899749677912e+01
4.357885146498070128e+01
4.339847661302848536e+01
4.323195913941792412e+01
4.308301269575731141e+01
4.294911978859935431e+01
4.282209328047572683e+01
4.269236301938159528e+01
4.255474157279623171e+01
4.241175149652081444e+01
4.227162959465984216e+01
4.214194558197041829e+01
4.202356081754264494e+01
4.190974761455689901e+01
4.179119665051467081e+01
4.166295066926655011e+01
4.152801142559845715e+01
4.139511918815955482e+01
4.127251217152334561e+01
4.116230907760073876e+01
4.105965505378129166e+01
4.095701662922063235e+01
4.084969303929452877e+01
4.073770209529691755e+01
4.062297320268905310e+01
4.050552473911307771e+01
4.038290243310387240e+01
4.025311090769405808e+01
4.011741069201239895e+01
3.997996525963944237e+01
3.984514370292990293e+01
3.971552947732101302e+01
3.959208816948960674e+01
3.947512163052086720e+01
3.936427123042923171e+01
3.925795456534847006e+01
3.915393030759385340e+01
3.905123604503664581e+01
3.895154043430306245e+01
3.885809859073408035e+01
3.877301208667404353e+01
3.869538305020308400e+01
3.862205280754015035e+01
3.855003845131945894e+01
3.847833932444547855e+01
3.840776688425420815e+01
3.833945587939091837e+01
3.827355664998162155e+01
3.820881163961563942e+01
3.814267005609452355e+01
3.807151223689779584e+01
3.799112415989976910e+01
3.789775032632765317e+01
3.778957342984108436e+01
3.766795379821883927e+01
3.753779193502503375e+01
3.740678875172977058e+01
3.728363968381554372e+01
3.717531791982018774e+01
3.708416431209229103e+01
3.700645981310891131e+01
3.693418463697009457e+01
3.685972184778817251e+01
3.678056933184907251e+01
3.670044140200894134e+01
3.662570039679254563e+01
3.655991057992228832e+01
3.650100881452829782e+01
3.644340184722145892e+01
3.638297286024592125e+01
3.632046737876279252e+01
3.626052511938248557e+01
3.620793012833618718e+01
3.616492148795406081e+01
3.613139079465202741e+01
3.610625642105247124e+01
3.608760858848283704e+01
3.607180961272863584e+01
3.605379895161937043e+01
3.602956343764908098e+01
3.599885589048927415e+01
3.596549041226413834e+01
3.593475646935238643e+01
3.591003548419095637e+01
3.589099063820548707e+01
3.587395235218651379e+01
3.585350544767435110e+01
3.582422885304675475e+01
3.578237349758486374e+01
3.572742570604666668e+01
3.566274475981076364e+01
3.559423873856786713e+01
3.552738525304945227e+01
3.546462183663130929e+01
3.540509120930279607e+01
3.534670165791627028e+01
3.528855621484756711e+01
3.523182454056364321e+01
3.517862349153699597e+01
3.512986433287419885e+01
3.508362440501517909e+01
3.503549547375936157e+01
3.498130068622500488e+01
3.492055205661662143e+01
3.485763594165614165e+01
3.479904526598510017e+01
3.474854223426465438e+01
3.470445241815515658e+01
3.466161210489820377e+01
3.461623642509529475e+01
3.456939752561758183e+01
3.452637148988461746e+01
3.449295850618255344e+01
3.447203028131925606e+01
3.446235155529576843e+01
3.445932780867747169e+01
3.445661070398396930e+01
3.444832063192080085e+01
3.443168597436201139e+01
3.440858672219678027e+01
3.438414813237948664e+01
3.436277401416597854e+01
3.434479473800247717e+01
3.432677230890489284e+01
3.430510745420131968e+01
3.427944504121668245e+01
3.425283607159685317e+01
3.422906769440334074e+01
3.421020890605631593e+01
3.419656648365000962e+01
3.418822184050875990e+01
3.418568876327065453e+01
3.418866486320970921e+01
3.419442738077299282e+01
3.419812177722631219e+01
3.419533434998984944e+01
3.418504438930730061e+01
3.417060108579415356e+01
3.415791647378037510e+01
3.415201214707972355e+01
3.415399485807486002e+01
3.416021681712926039e+01
3.416417608367716241e+01
3.416009015894964307e+01
3.414585120234659144e+01
3.412336430701537182e+01
3.409627283300298473e+01
3.406718166349231325e+01
3.403662902760704156e+01
3.400409631008626121e+01
3.396944148750879577e+01
3.393327614719232344e+01
3.389647564124319246e+01
3.386001717000699784e+01
3.382559347343244127e+01
3.379616005670802537e+01
3.377547446871705006e+01
3.376683319319916876e+01
3.377209835686543471e+01
3.379163486570861608e+01
3.382457846489631947e+01
3.386851521994628200e+01
3.391875258623534961e+01
3.396855367162376638e+01
3.401122303613973230e+01
3.404297778573622679e+01
3.406434543315302932e+01
3.407894268084533707e+01
3.409077316414087733e+01
3.410223112692747804e+01
3.411393738497066863e+01
3.412570674552669203e+01
3.413718427335062700e+01
3.414754407557671101e+01
3.415510939627013443e+01
3.415822703378378833e+01
3.415748723897416284e+01
3.415750741100323751e+01
3.416611232779133189e+01
3.419073721814928035e+01
3.423454320635845249e+01
3.429526605020893726e+01
3.436742236802967909e+01
3.444550663606175789e+01
3.452527794237948200e+01
3.460258813638937880e+01
3.467184957673292445e+01
3.472650619664614879e+01
3.476175568875076038e+01
3.477752581415432331e+01
3.477929779705667102e+01
3.477590512644260201e+01
3.477560777439328632e+01
3.478295514285208867e+01
3.479828400828799317e+01
3.481965045509454626e+01
3.484531145343423475e+01
3.487494128892119249e+01
3.490920474654905803e+01
3.494858547983783836e+01
3.499258113486577315e+01
3.503979390494935586e+01
3.508867238191504612e+01
3.513813218361091373e+01
3.518741018433050982e+01
3.523535944162338041e+01
3.528014140904624441e+01
3.531991217289593976e+01
3.535395387944092249e+01
3.538325336735527316e+01
3.541035330197673403e+01
3.543914873163483747e+01
3.547488374985166359e+01
3.552350233928780909e+01
3.558945843802275277e+01
3.567264147086804371e+01
3.576671437915140928e+01
3.586092054125057871e+01
3.594503778798361537e+01
3.601453608762064107e+01
3.607248391437716606e+01
3.612698381128170411e+01
3.618615311284789016e+01
3.625423146858573631e+01
3.633106364663496635e+01
3.641432290646353920e+01
3.650203174983448662e+01
3.659352317351115147e+01
3.668885721394319432e+01
3.678785472588480587e+01
3.688961957477550158e+01
3.699257615413315392e+01
3.709469151922840524e+01
3.719378017898357314e+01
3.728801909066649500e+01
3.737661774077789545e+01
3.746021095408219992e+01
3.754053037261885351e+01
3.761946246774581226e+01
3.769820990698504914e+01
3.777723302516094606e+01
3.785690312567945881e+01
3.793812380303116782e+01
3.802233954953062067e+01
3.811112136345604284e+01
3.820583900482405681e+01
3.830735427654740732e+01
3.841520377040547629e+01
3.852649554381868313e+01
3.863598872062996747e+01
3.873851398431497017e+01
3.883255857398486199e+01
3.892188604449193434e+01
3.901315540107580659e+01
3.911107668512016033e+01
3.921509557275074798e+01
3.932026394769488320e+01
3.942110843615832039e+01
3.951482872187254003e+01
3.960139013203383485e+01
3.968146613942062828e+01
3.975506304129905999e+01
3.982223193808053452e+01
3.988453677199211711e+01
3.994523279782527680e+01
4.000801951657000188e+01
4.007600221385341399e+01
4.015176525497203386e+01
4.023746368122175454e+01
4.033360975993356590e+01
4.043731464369243156e+01
4.054240179988288162e+01
4.064261263490558207e+01
4.073601587221715192e+01
4.082692635870989761e+01
4.092318756444189631e+01
4.103044459451819392e+01
4.114774293569496422e+01
4.126796054543764569e+01
4.138283947912593419e+01
4.148883904253683141e+01
4.158945560924107099e+01
4.169234189245793232e+01
4.180347156136711106e+01
4.192285450043664241e+01
4.204504943722308496e+01
4.216375206925962971e+01
4.227639996027077984e+01
4.238502891661345018e+01
4.249316177696488239e+01
4.260195290248715594e+01
4.270919853522654108e+01
4.281213683763854760e+01
4.291160695365773137e+01
4.301373207394877340e+01
4.312696381165952886e+01
4.325613358583033374e+01
4.339831132241849332e+01
4.354461436626318260e+01
4.368716829586084316e+01
4.382529278609974455e+01
4.396515949819460189e+01
4.411321503926213694e+01
4.426963537602262022e+01
4.442781741375910087e+01
4.457990783573675486e+01
4.472288239769372353e+01
4.485980951430374120e+01
4.499585313228263317e+01
4.513326979489916368e+01
4.526999035403802196e+01
4.540256491721462595e+01
4.553020133027134619e+01
4.565608245619397110e+01
4.578515547128078111e+01
4.592076101310495062e+01
4.606278745924604578e+01
4.620797004883863224e+01
4.635132760773698379e+01
4.648790368669233430e+01
4.661452414237461284e+01
4.673077540485575554e+01
4.683794712262552906e+01
4.693608617949936246e+01
4.702164352326817465e+01
4.708830154295002046e+01
4.713049786968916521e+01
4.714620556449601452e+01
4.713634766653627395e+01
4.710196530296906303e+01
4.704249901617491503e+01
4.695688310825487122e+01
4.684587952098117825e+01
4.671274130680951941e+01
4.656052474779813366e+01
4.638636752486636539e+01
4.617490569340564832e+01
4.589544091132959380e+01
4.550992658752250719e+01
4.499692755427329161e+01
4.438472342812040239e+01
4.376612075383461331e+01
4.325519738048478757e+01
4.286911699553890287e+01
4.238519144036833808e+01
4.129228213448334373e+01
3.894448231123570281e+01
3.489362332010642831e+01
3.489362332010642831e+01
3.489362332010642831e+01
3.489362332010642831e+01
3.489362332010642831e+01
