4.108290536887195543e+01
4.108290536887195543e+01
4.108290536887195543e+01
4.108290536887195543e+01
4.108290536887195543e+01
4.563281365133264700e+01
4.813704134514382105e+01
4.917885734949685883e+01
4.956177031821734857e+01
4.989699583295240615e+01
5.042160656524686857e+01
5.107624662600707666e+01
5.170254546574012977e+01
5.220023904885578503e+01
5.257164663399276350e+01
5.287779093958403109e+01
5.317316639549007817e+01
5.347120972079967061e+01
5.375122933691774563e+01
5.398526829138401695e+01
5.415810369873253194e+01
5.426954661229353860e+01
5.432625213018171451e+01
5.433572295728171753e+01
5.430774404935079502e+01
5.425819580403312159e+01
5.420711692921236846e+01
5.416920016126157833e+01
5.414392372439008483e+01
5.411488747624976270e+01
5.406061237302205313e+01
5.396887600393780104e+01
5.384358452814970519e+01
5.370004980409764528e+01
5.355432029702519969e+01
5.341574524685454861e+01
5.328709133267731346e+01
5.316911630220484142e+01
5.306350634838764080e+01
5.297116191995377221e+01
5.288812033455280215e+01
5.280397465395416390e+01
5.270547090289127112e+01
5.258314316836001012e+01
5.243586812343687598e+01
5.227005558041460631e+01
5.209500973362021625e+01
5.191868748329151373e+01
5.174606571421660561e+01
5.157871567093749121e+01
5.141370388284641280e+01
5.124278324352781055e+01
5.105462199161338788e+01
5.084059589997053052e+01
5.060075286239335668e+01
5.034540449503820980e+01
5.009072512071082173e+01
4.985112341648816425e+01
4.963356791685934866e+01
4.943769470453960224e+01
4.926099372700855383e+01
4.910393107133294421e+01
4.896973584032708260e+01
4.885861560924274016e+01
4.876192500017995712e+01
4.866270532205472676e+01
4.854395447131597763e+01
4.839918521395111384e+01
4.823698274723470547e+01
4.807521440657252754e+01
4.792872290091822407e+01
4.779992634478310265e+01
4.767938107951658822e+01
4.755491650058296216e+01
4.742127070360133700e+01
4.728306851383467801e+01
4.715059786139101305e+01
4.703333845033507288e+01
4.693618478443242026e+01
4.685944405324512729e+01
4.680061003938665465e+01
4.675593085446422492e+01
4.672136420207343122e+01
4.669320480103466053e+01
4.666816961891919391e+01
4.664256324490862227e+01
4.661115065486224296e+01
4.656736178652172953e+01
4.650572896191454220e+01
4.642520417335295235e+01
4.633053288840077499e+01
4.623002086131612032e+01
4.613094038496863902e+01
4.603577778601153625e+01
4.594181635455547053e+01
4.584396173523398232e+01
4.573854985260529560e+01
4.562580811649959145e+01
4.551026691277562009e+01
4.539979644133145342e+01
4.530381169434182453e+01
4.523042449239355278e+01
4.518268057721445530e+01
4.515562898816193638e+01
4.513681237376187738e+01
4.511098209238870282e+01
4.506636363634110864e+01
4.499809320861093198e+01
4.490686353449961388e+01
4.479529980670031364e+01
4.466633668973356208e+01
4.452488916856210466e+01
4.437983933973100648e+01
4.424267050670879087e+01
4.412259802188039970e+01
4.402179398959721368e+01
4.393450207078332426e+01
4.385070170875793849e+01
4.376168594431876357e+01
4.366404634905610038e+01
4.356014888827928644e+01
4.345557177309505192e+01
4.335559523944401406e+01
4.326301270407066113e+01
4.317828851729206718e+01
4.310113218056022788e+01
4.303147656045376124e+01
4.296892342452252933e+01
4.291192679126895371e+01
4.285847906108357819e+01
4.280787823899642319e+01
4.276112856967315423e+01
4.271878984641246291e+01
4.267843336427293366e+01
4.263489472685260750e+01
4.258355360847757964e+01
4.252345269697676855e+01
4.245738190841543513e+01
4.238949402214728224e+01
4.232323384081807660e+01
4.226104579301905773e+01
4.220474456386688189e+01
4.215495353626479158e+01
4.210990320235098494e+01
4.206547513096520419e+01
4.201750819275388693e+01
4.196484266753445525e+01
4.191026591421938008e+01
4.185823324003983714e+01
4.181140374171645391e+01
4.176925010048683617e+01
4.172991212048695786e+01
4.169331644311707663e+01
4.166255903126276650e+01
4.164230158372597401e+01
4.163545694804921737e+01
4.164062514787493541e+01
4.165213439288002917e+01
4.166286493564873439e+01
4.166820790632596072e+01
4.166849447291016162e+01
4.166794609250226955e+01
4.167069232563947878e+01
4.167704121684977281e+01
4.168338952820250398e+01
4.168593549744893068e+01
4.168434702553162907e+01
4.168124489200972249e+01
4.167792054455485840e+01
4.167136459930054571e+01
4.165670963388521386e+01
4.163318487485896213e+01
4.160742179584936906e+01
4.159030721698746191e+01
4.158981628591727997e+01
4.160574563906024537e+01
4.163014915914313718e+01
4.165258368561580227e+01
4.166637449061822451e+01
4.167228422218951778e+01
4.167776214893185482e+01
4.169207808349776911e+01
4.171982047784668879e+01
4.175666896453053312e+01
4.179047753561416556e+01
4.180737230153943074e+01
4.179921855650332674e+01
4.176816613160142566e+01
4.172610040557434985e+01
4.168957605991560200e+01
4.167265011793399054e+01
4.168088575939411555e+01
4.170951046999249456e+01
4.174661147971404773e+01
4.177901704042604081e+01
4.179685662759599296e+01
4.179468275810265965e+01
4.177068148777200918e+01
4.172674264179526205e+01
4.166949685243864110e+01
4.160941166310078643e+01
4.155614612751904957e+01
4.151286553881134722e+01
4.147452505025554359e+01
4.143196717150571118e+01
4.137853050477664851e+01
4.131439801943063372e+01
4.124679107397130906e+01
4.118711670259546764e+01
4.114654719152922979e+01
4.113102842468253328e+01
4.113769346522909132e+01
4.115566432537156061e+01
4.117211542738940722e+01
4.117982530770541416e+01
4.118023433846705927e+01
4.117971421869761883e+01
4.118319823574651650e+01
4.119164305384300206e+01
4.120530807090442238e+01
4.122840360055572972e+01
4.126925565674139307e+01
4.133508349195554388e+01
4.142622137206312516e+01
4.153509157529411056e+01
4.165046170572880868e+01
4.176294938037968052e+01
4.186771275504245438e+01
4.196364160901411111e+01
4.205107740121023596e+01
4.213022679499461987e+01
4.220114568342751227e+01
4.226489828446359809e+01
4.232457377007153809e+01
4.238460234756982459e+01
4.244791820431841955e+01
4.251261964356781675e+01
4.257110589292118163e+01
4.261364644036670768e+01
4.263518884982808999e+01
4.264102259664410610e+01
4.264644954646269071e+01
4.266922836420292242e+01
4.271918860897939396e+01
4.279229292629632653e+01
4.287354724198378619e+01
4.294675827086800979e+01
4.300452642713807450e+01
4.305212564806620890e+01
4.310297232288940705e+01
4.316835610341522766e+01
4.324764213104717925e+01
4.332554455969783902e+01
4.337936705851538477e+01
4.339254649222605309e+01
4.336559948179023394e+01
4.331642730639415362e+01
4.326955498127790634e+01
4.324253652449495888e+01
4.323960791254418012e+01
4.325570929727102509e+01
4.328485201609630906e+01
4.332426220617585955e+01
4.337172581864530230e+01
4.342134575080542191e+01
4.346425010457301852e+01
4.349459005319929616e+01
4.351467139017391617e+01
4.353371721967883445e+01
4.356156931949072941e+01
4.360347500104930418e+01
4.365976045618807433e+01
4.372841159597768979e+01
4.380657237318855834e+01
4.389021905444073468e+01
4.397464515266644014e+01
4.405742880183895949e+01
4.414178637665380478e+01
4.423656171353738387e+01
4.435167967340645134e+01
4.449191135783733131e+01
4.465321767489768234e+01
4.482388307920439985e+01
4.498953850548186750e+01
4.513941684932566289e+01
4.527110802299182524e+01
4.539187043484668038e+01
4.551580776199175915e+01
4.565788433867209761e+01
4.582730839046372751e+01
4.602327411772384380e+01
4.623489164950345298e+01
4.644504052429242336e+01
4.663633028268206004e+01
4.679707976538933423e+01
4.692550584869305652e+01
4.703035773201566627e+01
4.712682677151159538e+01
4.722888199293238642e+01
4.734209300436619117e+01
4.746141775602299617e+01
4.757520264955513767e+01
4.767250853388090803e+01
4.774935124407613074e+01
4.781096934822878808e+01
4.786967287829586581e+01
4.793962531421964002e+01
4.803102107832705769e+01
4.814643366542659209e+01
4.828093936254885676e+01
4.842527683051307719e+01
4.856971780671270267e+01
4.870690615467713513e+01
4.883349769867838575e+01
4.895081629529394007e+01
4.906399898307581964e+01
4.917931455510708361e+01
4.930093350978646072e+01
4.942912785516125496e+01
4.956037544566713393e+01
4.968823896050177069e+01
4.980455443415052486e+01
4.990205198156256472e+01
4.997876345039681212e+01
5.004155769307941881e+01
5.010504063346288461e+01
5.018534789130497842e+01
5.029282474504183398e+01
5.042820918309846689e+01
5.058343717331897693e+01
5.074501777807504510e+01
5.089804785147582322e+01
5.103050554286530627e+01
5.113736288417772613e+01
5.122249615606995832e+01
5.129626375812947003e+01
5.136934474849302745e+01
5.144676604078087934e+01
5.152649812266442098e+01
5.160355244667118058e+01
5.167592372755203201e+01
5.174719557782925961e+01
5.182384644040568134e+01
5.191034023715739210e+01
5.200692320468375129e+01
5.211181841969741413e+01
5.222485363372493339e+01
5.234853868523563847e+01
5.248584214780180446e+01
5.263728519216179080e+01
5.279994379338102561e+01
5.296841580934144389e+01
5.313618449247623943e+01
5.329667495265088917e+01
5.344479612396119705e+01
5.357919890592733481e+01
5.370320130671865400e+01
5.382201777814437804e+01
5.393773101406664239e+01
5.404749554916081422e+01
5.414844607649590102e+01
5.424507097280252310e+01
5.435033000114518131e+01
5.447730337296232506e+01
5.462829413537559020e+01
5.479130841838883725e+01
5.494642155496590163e+01
5.507569341668028073e+01
5.516931059124713244e+01
5.522634325885515238e+01
5.525307882176208807e+01
5.526134690255239690e+01
5.526638258922666580e+01
5.528272756288855305e+01
5.531833477582387104e+01
5.536953240289239631e+01
5.542043344947880712e+01
5.544840256059792694e+01
5.543317725345296054e+01
5.536438761110076001e+01
5.524339191929475135e+01
5.507953890852393641e+01
5.488390036772278791e+01
5.466274501076487269e+01
5.441096061420952168e+01
5.410624421055444344e+01
5.370868753441633459e+01
5.317362742647626561e+01
5.248253417796096443e+01
5.168240404554470757e+01
5.090094619694777833e+01
5.029127380354977106e+01
4.988686266620789667e+01
4.942696355862279489e+01
4.829550205674865992e+01
4.570415170063086663e+01
4.109271566565317357e+01
4.109271566565317357e+01
4.109271566565317357e+01
4.109271566565317357e+01
4.109271566565317357e+01
