1.849846483885477610e+01
1.849846483885477610e+01
1.849846483885477610e+01
1.849846483885477610e+01
1.849846483885477610e+01
2.141181722365525530e+01
2.351134108487944019e+01
2.487511620794451161e+01
2.573892647575782888e+01
2.635188858738905537e+01
2.687869376500334084e+01
2.738348792930630182e+01
2.786818510287171691e+01
2.831732005248153428e+01
2.872084871052537025e+01
2.907516627560410072e+01
2.937705285240603104e+01
2.962210125760632806e+01
2.980870123934372984e+01
2.994187306308007379e+01
3.003228124926273424e+01
3.009118068191039441e+01
3.012570585907669596e+01
3.013790103064156867e+01
3.012727439512018535e+01
3.009420975254193564e+01
3.004185667205860000e+01
2.997590346363673319e+01
2.990295824980994510e+01
2.982841556043208442e+01
2.975437835588710911e+01
2.967831846797427531e+01
2.959356351187254930e+01
2.949236537086148502e+01
2.937065003850145928e+01
2.923161192225721905e+01
2.908519350081071408e+01
2.894310103829704417e+01
2.881251714455471102e+01
2.869285755413278594e+01
2.857751510105998705e+01
2.845878332821996537e+01
2.833242252187815069e+01
2.819949154891812526e+01
2.806514375374160153e+01
2.793528323277633518e+01
2.781256148234975711e+01
2.769383700825792971e+01
2.757111717597990008e+01
2.743606311353926941e+01
2.728532405046161813e+01
2.712287230710344943e+01
2.695745967892157324e+01
2.679680198833132110e+01
2.664240165287076678e+01
2.648858132004684052e+01
2.632670800066142647e+01
2.615212199158228401e+01
2.596891740427809481e+01
2.578853981405656626e+01
2.562249973548854953e+01
2.547434750037468376e+01
2.533706034263348528e+01
2.519790604590603778e+01
2.504716274113479813e+01
2.488452227095977420e+01
2.471909996439518409e+01
2.456349426615766873e+01
2.442605966953176377e+01
2.430641387331375114e+01
2.419680325357368034e+01
2.408779647239250465e+01
2.397391284688832158e+01
2.385558300170489332e+01
2.373736768236561545e+01
2.362504635750579851e+01
2.352369478986345896e+01
2.343666581357151557e+01
2.336457183227805601e+01
2.330459631862053271e+01
2.325136647982260385e+01
2.319939515416727005e+01
2.314520119254441255e+01
2.308734994240295890e+01
2.302487855344134715e+01
2.295609904385232625e+01
2.287881236881399261e+01
2.279108510669734500e+01
2.269147860624354252e+01
2.257899642271235763e+01
2.245378328485605124e+01
2.231851099396479299e+01
2.217883958006352074e+01
2.204158329499641411e+01
2.191141413810003513e+01
2.178877972194318247e+01
2.167097759590906847e+01
2.155553329485526604e+01
2.144295308668459654e+01
2.133657507213500892e+01
2.123985155125687285e+01
2.115345299757760955e+01
2.107441940591514751e+01
2.099774492917554625e+01
2.091912788360631481e+01
2.083729848701585041e+01
2.075488716246875498e+01
2.067733261469880546e+01
2.060994771081809773e+01
2.055440804081288420e+01
2.050687970603397758e+01
2.045936459797102458e+01
2.040365490229797985e+01
2.033543332481256272e+01
2.025615798820494717e+01
2.017208823365192316e+01
2.009147064106320713e+01
2.002133559325034895e+01
1.996483041834015992e+01
1.991964960209680413e+01
1.987837080457322259e+01
1.983144255878801943e+01
1.977211842536291897e+01
1.970051839954079043e+01
1.962363402118009148e+01
1.955079225284013233e+01
1.948784321019959265e+01
1.943443837234622507e+01
1.938594658008338101e+01
1.933761401206087172e+01
1.928733763833493953e+01
1.923560798523477189e+01
1.918399698680451593e+01
1.913414208206223321e+01
1.908756640209505306e+01
1.904530405789049752e+01
1.900686119199834323e+01
1.896954362551534246e+01
1.892938689026024335e+01
1.888335840356614526e+01
1.883107888336364866e+01
1.877475324012615587e+01
1.871764788098041166e+01
1.866240478520440504e+01
1.861013669639362789e+01
1.856052525390476404e+01
1.851269166882432415e+01
1.846618532148914937e+01
1.842114713631887213e+01
1.837733862539162288e+01
1.833313979089023604e+01
1.828608538461536881e+01
1.823493900310406701e+01
1.818130041206522307e+01
1.812890354235252488e+01
1.808116190371677590e+01
1.803936594575259278e+01
1.800305807473151987e+01
1.797159219341156700e+01
1.794467946682839710e+01
1.792119057601091825e+01
1.789786556965280084e+01
1.786999688498969263e+01
1.783400573393026178e+01
1.778966443331766101e+01
1.774010125797558857e+01
1.768999464063034566e+01
1.764364863317279131e+01
1.760379555759140402e+01
1.757079963364574837e+01
1.754220948701123461e+01
1.751349759585464128e+01
1.748036271493546323e+01
1.744116968129559808e+01
1.739724433539214843e+01
1.735044270075478678e+01
1.730026971689799709e+01
1.724370276322882489e+01
1.717846540638079134e+01
1.710701038725323286e+01
1.703744626973249154e+01
1.698018761565209900e+01
1.694274771872776597e+01
1.692642268123623239e+01
1.692672855530764409e+01
1.693647794575496235e+01
1.694897720240843597e+01
1.695965465409123141e+01
1.696610600617007591e+01
1.696748673451936540e+01
1.696404532986072056e+01
1.695698553384692531e+01
1.694835290497560010e+01
1.694050785722008357e+01
1.693509151445275762e+01
1.693204511288742609e+01
1.692953109047648041e+01
1.692494897171759405e+01
1.691612976006695135e+01
1.690154167489931680e+01
1.687950135629852610e+01
1.684777319307306342e+01
1.680481232094700061e+01
1.675210796273900371e+01
1.669546375863095022e+01
1.664348684477395324e+01
1.660386294023709652e+01
1.658005379552165692e+01
1.657087211350055256e+01
1.657299803137548366e+01
1.658403870192891105e+01
1.660353166216515675e+01
1.663152602795725699e+01
1.666672687441471012e+01
1.670628958244920881e+01
1.674736399205015402e+01
1.678872526045799773e+01
1.683099534559301347e+01
1.687548652250283254e+01
1.692283054259393182e+01
1.697238588167910933e+01
1.702251740968527471e+01
1.707129765345915473e+01
1.711733538415379385e+01
1.716066599364168610e+01
1.720326839322921941e+01
1.724819468822886748e+01
1.729675339962901859e+01
1.734508925475517316e+01
1.738323937339583125e+01
1.739895325414402194e+01
1.738498943683677211e+01
1.734514111630457123e+01
1.729434785893640125e+01
1.725225892918437509e+01
1.723420487490378861e+01
1.724500011355652518e+01
1.727864219482896146e+01
1.732313720923492539e+01
1.736710690894565445e+01
1.740460595758617757e+01
1.743617672403276941e+01
1.746642306103593256e+01
1.750010309559239730e+01
1.753914869089537021e+01
1.758211326916991268e+01
1.762596798744213444e+01
1.766872942154017068e+01
1.771089543848558634e+01
1.775459797319425093e+01
1.780130182082109513e+01
1.785018776964154341e+01
1.789867720298212106e+01
1.794445126988771122e+01
1.798694592579519380e+01
1.802700670790568793e+01
1.806523711039088553e+01
1.810066314165355550e+01
1.813091412831944993e+01
1.815393876415795305e+01
1.817031268281025902e+01
1.818478527439630810e+01
1.820585418881214679e+01
1.824294030547709511e+01
1.830210182446622724e+01
1.838248944490770143e+01
1.847584005955587116e+01
1.856974983468703400e+01
1.865308281791010714e+01
1.872041000639551811e+01
1.877311139230060988e+01
1.881719659011030288e+01
1.885992728161809850e+01
1.890729218090455888e+01
1.896282369119928291e+01
1.902715549128456729e+01
1.909804123003907961e+01
1.917118668060705744e+01
1.924192579023403837e+01
1.930691805514852177e+01
1.936493844690513200e+01
1.941664868064867733e+01
1.946396045412101117e+01
1.950954005928332435e+01
1.955650877466887039e+01
1.960808590801363493e+01
1.966695306648322727e+01
1.973433048188984529e+01
1.980906094778868720e+01
1.988729679357257041e+01
1.996338097979610637e+01
2.003196919193754511e+01
2.009060877487144126e+01
2.014146645302434990e+01
2.019104654951857469e+01
2.024755652973668774e+01
2.031689986247209490e+01
2.039958309937014747e+01
2.049092239598825316e+01
2.058492119723129576e+01
2.067915416479957003e+01
2.077678807976061393e+01
2.088414891190117473e+01
2.100608160007216441e+01
2.114296490107421889e+01
2.129119220370619558e+01
2.144564553798825912e+01
2.160154568642785833e+01
2.175469552930501749e+01
2.190123701108164411e+01
2.203823767103397557e+01
2.216477289449557020e+01
2.228190851506219161e+01
2.239092351518884172e+01
2.249134415216399674e+01
2.258106620369713013e+01
2.265875109036226220e+01
2.272604427046713838e+01
2.278720858332065902e+01
2.284660216795444398e+01
2.290679933943398794e+01
2.296933535350444089e+01
2.303696578102066184e+01
2.311435483702263838e+01
2.320547923086470021e+01
2.330956700463024589e+01
2.341953932862394439e+01
2.352526004591914699e+01
2.361974168259355977e+01
2.370368928339815895e+01
2.378489250325013060e+01
2.387287339407387776e+01
2.397265051277059911e+01
2.408206042770158817e+01
2.419449854523825749e+01
2.430494998984112343e+01
2.441465037799494908e+01
2.453072121750669865e+01
2.466100369898368427e+01
2.480796043928996752e+01
2.496607557153280510e+01
2.512446355566094525e+01
2.527268750811762033e+01
2.540576601073307828e+01
2.552524447184423906e+01
2.563631821758112395e+01
2.574405935291608927e+01
2.585216361024957266e+01
2.596458445884923094e+01
2.608684510572050641e+01
2.622387898439431453e+01
2.637537193017731241e+01
2.653322225493872111e+01
2.668453768594213926e+01
2.681860800994993355e+01
2.693265909955474058e+01
2.703231578732804152e+01
2.712713015683427642e+01
2.722510703291316503e+01
2.733007892001859318e+01
2.744271030521654708e+01
2.756293421404449262e+01
2.769127144746345692e+01
2.782841061187052745e+01
2.797411642190504466e+01
2.812636354793032822e+01
2.828062046939787066e+01
2.842932695337175275e+01
2.856259304782656727e+01
2.867091402536640388e+01
2.874867910790456449e+01
2.879588547725703762e+01
2.881702477723311517e+01
2.881904461996679245e+01
2.881072852943843898e+01
2.880288507051048441e+01
2.880630335496773142e+01
2.882635404905445142e+01
2.885767705221697454e+01
2.888397077662937562e+01
2.888400710293622708e+01
2.883956866661580420e+01
2.873966647040386846e+01
2.857910374479363824e+01
2.835414691548875155e+01
2.805968010450084194e+01
2.769045436887918754e+01
2.724620913487352780e+01
2.673795226825449589e+01
2.618994292222708964e+01
2.562924486248842726e+01
2.505657125373031846e+01
2.440452510296850619e+01
2.351003563070192826e+01
2.213914227579133609e+01
2.008157194367667486e+01
1.727995002388440682e+01
1.727995002388440682e+01
1.727995002388440682e+01
1.727995002388440682e+01
1.727995002388440682e+01
