1.267936668711307959e+02
1.267936668711307959e+02
1.267936668711307959e+02
1.267936668711307959e+02
1.267936668711307959e+02
1.345766307779128965e+02
1.365289546172325004e+02
1.357232168678692972e+02
1.348890134566034646e+02
1.352213968027085116e+02
1.364679477538975334e+02
1.378217619322172425e+02
1.387393413372648183e+02
1.391859031652313377e+02
1.394110733045995119e+02
1.396347795758546226e+02
1.399079544279826735e+02
1.401638852922823446e+02
1.403330482539586797e+02
1.404085596866379717e+02
1.404367696990807985e+02
1.404719017573787028e+02
1.405405288371172503e+02
1.406343632318439063e+02
1.407246027093608802e+02
1.407827675508377183e+02
1.407956177665453197e+02
1.407676209911082310e+02
1.407122090461844550e+02
1.406406459352442937e+02
1.405581252052187438e+02
1.404681668777123491e+02
1.403770399412570100e+02
1.402909385444715440e+02
1.402089890625822761e+02
1.401217446371720143e+02
1.400190031044311922e+02
1.398996741415541862e+02
1.397735387080416842e+02
1.396530665237048368e+02
1.395430865888365304e+02
1.394373311981866550e+02
1.393241105476299424e+02
1.391958016608211892e+02
1.390542524917778167e+02
1.389079194885486004e+02
1.387638462210793477e+02
1.386224151952984300e+02
1.384798136795992036e+02
1.383345106049503386e+02
1.381893717896449516e+02
1.380464875456938785e+02
1.379012466619909674e+02
1.377440733993104516e+02
1.375699167680042478e+02
1.373864473680938829e+02
1.372119860760204801e+02
1.370633787120254112e+02
1.369434388776503795e+02
1.368386059035615574e+02
1.367291598587052022e+02
1.366038461885632387e+02
1.364671185920402081e+02
1.363334753023382575e+02
1.362141358226911052e+02
1.361075808039806532e+02
1.360019880973925410e+02
1.358869710575174565e+02
1.357633753004922141e+02
1.356416509175775786e+02
1.355305788353327614e+02
1.354278471815111686e+02
1.353218496797418879e+02
1.352022650610162486e+02
1.350682231043257957e+02
1.349263918561702269e+02
1.347827016141201852e+02
1.346378242528464000e+02
1.344910968892482401e+02
1.343469632879191238e+02
1.342147059081563327e+02
1.341001966376918517e+02
1.339983620467652656e+02
1.338953870303487861e+02
1.337797168910039431e+02
1.336514790628787637e+02
1.335211325494366861e+02
1.333986548493427904e+02
1.332835211841777721e+02
1.331643643803709551e+02
1.330277580323110271e+02
1.328679730608775458e+02
1.326903902014439325e+02
1.325078449087502008e+02
1.323343486866203307e+02
1.321805516069637747e+02
1.320519582420069753e+02
1.319485486225970305e+02
1.318649864259373601e+02
1.317920890376979628e+02
1.317198969769532084e+02
1.316407603282742116e+02
1.315503208251887202e+02
1.314465322565663428e+02
1.313294329118435257e+02
1.312036136021585548e+02
1.310811238006279495e+02
1.309795649511342219e+02
1.309130670415262045e+02
1.308812316345481577e+02
1.308652426925203542e+02
1.308356825424073406e+02
1.307670475073244916e+02
1.306490022823609820e+02
1.304883601298544420e+02
1.303035411979102491e+02
1.301170857180100313e+02
1.299497610862159434e+02
1.298162791112288232e+02
1.297219149155072841e+02
1.296610010616676618e+02
1.296191548910147162e+02
1.295795677019340815e+02
1.295309644232388564e+02
1.294730435967968845e+02
1.294157798478285883e+02
1.293723388181376777e+02
1.293500138781645319e+02
1.293457418614910353e+02
1.293493438785351941e+02
1.293508460689736239e+02
1.293448094568424551e+02
1.293286177942811150e+02
1.292988626798362759e+02
1.292517957681922951e+02
1.291878866106744113e+02
1.291142869179967079e+02
1.290407563872351773e+02
1.289725562986440366e+02
1.289080355449977446e+02
1.288437299401064990e+02
1.287814610764022802e+02
1.287295776443450563e+02
1.286965382481317590e+02
1.286830085232700469e+02
1.286802657788359738e+02
1.286762189511343593e+02
1.286626324787839053e+02
1.286367491442744608e+02
1.285977134342746808e+02
1.285440491778255421e+02
1.284758097297599875e+02
1.283979524086525998e+02
1.283197032308736993e+02
1.282502354338672603e+02
1.281957985390480985e+02
1.281608789749995481e+02
1.281499682217260272e+02
1.281656913733006888e+02
1.282047091869973201e+02
1.282571205701236181e+02
1.283116339047427061e+02
1.283614516236604004e+02
1.284042918372370536e+02
1.284369429545230616e+02
1.284517188576029127e+02
1.284401954754637245e+02
1.284009784680708606e+02
1.283434109966368055e+02
1.282832284850226756e+02
1.282336940642628349e+02
1.281988323783369594e+02
1.281726962769450324e+02
1.281441703347057341e+02
1.281039086313369921e+02
1.280493827490423939e+02
1.279856824787591165e+02
1.279227980941894600e+02
1.278720223278187689e+02
1.278429924284944974e+02
1.278407810209157844e+02
1.278629650889226923e+02
1.278992502683206283e+02
1.279362036782361827e+02
1.279649873247658434e+02
1.279857888764962297e+02
1.280049795272304891e+02
1.280281512070725398e+02
1.280558968629381411e+02
1.280852873844235660e+02
1.281136603966249936e+02
1.281401256021871689e+02
1.281644101374267279e+02
1.281860576669475620e+02
1.282055952346628942e+02
1.282258201965259161e+02
1.282506294537327278e+02
1.282816781760328979e+02
1.283162206470337594e+02
1.283491561098584839e+02
1.283784230529208799e+02
1.284090315018602269e+02
1.284512249890060502e+02
1.285129369680537934e+02
1.285919374874724213e+02
1.286741957821885762e+02
1.287407643594201545e+02
1.287789741718863183e+02
1.287898668091942511e+02
1.287859835749728745e+02
1.287810203269365559e+02
1.287798668820153409e+02
1.287775957425097033e+02
1.287679409842579048e+02
1.287527479000139863e+02
1.287428230291873774e+02
1.287490042149433123e+02
1.287718879818722826e+02
1.288000717394566834e+02
1.288188822430743699e+02
1.288221441566521435e+02
1.288171817384016151e+02
1.288193703306708642e+02
1.288409718514433280e+02
1.288825082430360283e+02
1.289319339062050744e+02
1.289713555594941568e+02
1.289872241247225588e+02
1.289786327904346592e+02
1.289589649464382433e+02
1.289491255150803966e+02
1.289658173943174972e+02
1.290123366768361564e+02
1.290779218204929180e+02
1.291453308349838949e+02
1.292006731472346814e+02
1.292392237346069805e+02
1.292650656067700652e+02
1.292866551469130059e+02
1.293118921437109634e+02
1.293451165536419865e+02
1.293864497894746535e+02
1.294327977899091593e+02
1.294798989735259056e+02
1.295247629506966405e+02
1.295671008826026878e+02
1.296083952003130833e+02
1.296492852119182828e+02
1.296880406825519856e+02
1.297221094639888292e+02
1.297514456571907715e+02
1.297801664025634807e+02
1.298144473985934724e+02
1.298580850398389543e+02
1.299095030380530602e+02
1.299630224717289764e+02
1.300136891038600027e+02
1.300619336873872385e+02
1.301145290387528632e+02
1.301813403550902422e+02
1.302702859427226656e+02
1.303834515886670715e+02
1.305159369824766031e+02
1.306576597210791419e+02
1.307975545384627765e+02
1.309283468054977106e+02
1.310485643373440894e+02
1.311594238470852360e+02
1.312589285454310470e+02
1.313395027088037637e+02
1.313928267844753464e+02
1.314177447803708105e+02
1.314231578029103105e+02
1.314228385110397426e+02
1.314273155997622666e+02
1.314400284097342535e+02
1.314594427454891843e+02
1.314828972880381741e+02
1.315078151945978107e+02
1.315302807606131807e+02
1.315442746573048112e+02
1.315440753947011956e+02
1.315289882347317700e+02
1.315067242810506229e+02
1.314916390958831016e+02
1.314974818494992519e+02
1.315294509252339594e+02
1.315822915749382105e+02
1.316464875903272400e+02
1.317168893458802756e+02
1.317955268766638142e+02
1.318861436542675847e+02
1.319862279602110107e+02
1.320845766314340608e+02
1.321668778236108324e+02
1.322243606548199182e+02
1.322582748180108752e+02
1.322773846716112871e+02
1.322919499733635007e+02
1.323096114726012047e+02
1.323349926255191065e+02
1.323705770227354037e+02
1.324165221629314146e+02
1.324704171513125743e+02
1.325292365998922719e+02
1.325928692409419796e+02
1.326656748922369786e+02
1.327538517163074232e+02
1.328605310694079833e+02
1.329824961091581201e+02
1.331105718344789750e+02
1.332331361866512793e+02
1.333413416091279942e+02
1.334341956758004528e+02
1.335203613170404822e+02
1.336138787581698182e+02
1.337253948792577489e+02
1.338555761811228990e+02
1.339966552307735697e+02
1.341405712196466880e+02
1.342854314017179149e+02
1.344339425526023035e+02
1.345864335132775409e+02
1.347368930259825959e+02
1.348763020314463290e+02
1.349988672452757896e+02
1.351044407075460754e+02
1.351965040299228633e+02
1.352805080983946198e+02
1.353648001853989058e+02
1.354603409370531608e+02
1.355754433524710407e+02
1.357088629072925414e+02
1.358493988510012400e+02
1.359850521426486978e+02
1.361141117994578451e+02
1.362466454086527676e+02
1.363936901699207169e+02
1.365544859132349416e+02
1.367150198252041378e+02
1.368600875442900247e+02
1.369875186634777151e+02
1.371112502735360863e+02
1.372507689433006988e+02
1.374162808351488820e+02
1.376010231761491411e+02
1.377851027388107354e+02
1.379472601406995977e+02
1.380772968246017740e+02
1.381822741215451913e+02
1.382827144964110744e+02
1.384004920654065813e+02
1.385456029496516805e+02
1.387103022942245047e+02
1.388743856503272411e+02
1.390178282336254085e+02
1.391320747791957331e+02
1.392227048693075062e+02
1.393032177863782977e+02
1.393866589094319011e+02
1.394821707506682458e+02
1.395968729783760978e+02
1.397373791541571109e+02
1.399068837131950431e+02
1.401004648472222129e+02
1.403041134218209152e+02
1.404989832245734362e+02
1.406675596543634015e+02
1.407982728302571900e+02
1.408874853104227043e+02
1.409389342185463363e+02
1.409612085462820232e+02
1.409650124812382614e+02
1.409615606410515625e+02
1.409605670727354436e+02
1.409656953732698241e+02
1.409702455473725990e+02
1.409598222777462126e+02
1.409229748103363420e+02
1.408592636247819030e+02
1.407727124662233109e+02
1.406545380146539230e+02
1.404773315668512055e+02
1.402191225476226748e+02
1.399041424509937883e+02
1.396130115060931587e+02
1.394194051107243126e+02
1.392743592467271583e+02
1.389491410510287892e+02
1.381682504283301114e+02
1.369257768220156208e+02
1.357242456859494837e+02
1.353475175946694549e+02
1.360513300385931643e+02
1.366654674887450369e+02
1.344973144772980902e+02
1.265168928817481913e+02
1.265168928817481913e+02
1.265168928817481913e+02
1.265168928817481913e+02
1.265168928817481913e+02
