0.000000000000000000e+00
3.940174068329499537e-10
5.516243695661299455e-10
1.733676590064979651e-09
4.649405400628809629e-09
1.079607694722283050e-08
2.230138522674496871e-08
3.971695460876135773e-08
6.603731738520241672e-08
1.006320457051354222e-07
1.510662737797530361e-07
2.010276809661710653e-07
2.587118293265149843e-07
3.122981966557961263e-07
3.930717650565509987e-07
4.534352317833588081e-07
5.263284520474546221e-07
5.754230209388401982e-07
6.221534853892281415e-07
6.625796713302887110e-07
6.932342255818923064e-07
7.060791930446463831e-07
7.168752699918691640e-07
7.245980111657950540e-07
7.147475759949712839e-07
7.044243199359480084e-07
7.048183373427809296e-07
6.790495989359060859e-07
6.499711143116343869e-07
6.327919553737176480e-07
6.093085179264739589e-07
5.738469513115084077e-07
5.415375239512065435e-07
5.194725491685612646e-07
4.859022661063939467e-07
4.562721571125561052e-07
4.298729908547484289e-07
3.991396331217783551e-07
3.793599592987641778e-07
3.476021563080284561e-07
3.344419749198079365e-07
2.985863908980094642e-07
2.791219310004617826e-07
2.609971302861460859e-07
2.379077102457352384e-07
2.262447950034798722e-07
2.074107629568648645e-07
1.944081885313775398e-07
1.772290295934609068e-07
1.622563681338087911e-07
1.557944826617484341e-07
1.372756645405997898e-07
1.321534382517714177e-07
1.264007841120103453e-07
1.144226549442886818e-07
1.087488042858942069e-07
9.811033430140455475e-08
8.967836179517941994e-08
9.164844882934415807e-08
8.282245891628608887e-08
7.604535951875934204e-08
7.415407596596120137e-08
7.218398893179645000e-08
6.556449649700288486e-08
5.918141450630909227e-08
6.028466324544134431e-08
5.216790466468257951e-08
5.011901414915123729e-08
4.499678786032288505e-08
4.499678786032288505e-08
4.412994956529039895e-08
3.971695460876135773e-08
3.892891979509546247e-08
3.640720839136457516e-08
3.144258906526941123e-08
3.152139254663600208e-08
3.215182039756871564e-08
2.978771595657101995e-08
2.781762892240627520e-08
2.758121847830649934e-08
2.285300959631109804e-08
2.119813648761271006e-08
2.332583048451063320e-08
2.261659915221132880e-08
2.104052952487953167e-08
1.985847730438067886e-08
2.033129819258022065e-08
1.820360419568228758e-08
1.946445989754773124e-08
1.867642508388183267e-08
1.599710671741776697e-08
1.410582316461960645e-08
1.607591019878435782e-08
1.631232064288413037e-08
1.465744753418574074e-08
1.402701968325302056e-08
1.410582316461960645e-08
1.528787538511845926e-08
1.166291524225531660e-08
1.103248739132259974e-08
1.142650479815554902e-08
1.205693264908826754e-08
8.747186431691489933e-09
9.771631689457157734e-09
1.016564909629011032e-08
8.747186431691489933e-09
7.880348136659000521e-09
8.747186431691489933e-09
8.116758580758769759e-09
7.328723767092870369e-09
7.880348136659000521e-09
7.880348136659000521e-09
7.880348136659000521e-09
6.225475027960610891e-09
7.801544655292409672e-09
6.461885472060379302e-09
6.698295916160148540e-09
6.777099397526741043e-09
6.383081990693790108e-09
4.412994956529039564e-09
4.807012363361990500e-09
4.570601919262220434e-09
5.201029770194939781e-09
3.940174068329500260e-09
3.624960142863139760e-09
4.412994956529039564e-09
3.624960142863139760e-09
3.861370586962910239e-09
3.388549698763370522e-09
4.964619326095169716e-09
2.600514885097469891e-09
3.546156661496549738e-09
3.861370586962910239e-09
3.940174068329500260e-09
3.388549698763370522e-09
2.836925329197240369e-09
2.679318366464059912e-09
3.782567105596320217e-09
2.364104440997699825e-09
3.467353180129959303e-09
2.206497478264519782e-09
1.891283552798160108e-09
1.812480071431569880e-09
2.679318366464059912e-09
2.758121847830649934e-09
2.521711403730879455e-09
1.497266145965210000e-09
1.891283552798160108e-09
1.970087034164750130e-09
2.600514885097469891e-09
1.576069627331799815e-09
1.733676590064979651e-09
2.206497478264519782e-09
1.654873108698390043e-09
2.048890515531340152e-09
2.285300959631110217e-09
1.970087034164750130e-09
1.182052220498849913e-09
1.418462664598620185e-09
1.733676590064979651e-09
9.456417763990800542e-10
1.339659183232029956e-09
1.654873108698390043e-09
1.654873108698390043e-09
1.024445257765670076e-09
1.497266145965210000e-09
8.668382950324898257e-10
1.497266145965210000e-09
2.048890515531340152e-09
1.260855701865439728e-09
1.497266145965210000e-09
1.103248739132259891e-09
1.654873108698390043e-09
8.668382950324898257e-10
1.182052220498849913e-09
1.339659183232029956e-09
1.497266145965210000e-09
2.127693996897929760e-09
1.654873108698390043e-09
2.048890515531340152e-09
1.418462664598620185e-09
1.103248739132259891e-09
1.654873108698390043e-09
2.206497478264519782e-09
1.733676590064979651e-09
1.654873108698390043e-09
1.970087034164750130e-09
1.812480071431569880e-09
2.048890515531340152e-09
1.733676590064979651e-09
1.812480071431569880e-09
1.733676590064979651e-09
1.891283552798160108e-09
1.733676590064979651e-09
1.497266145965210000e-09
2.679318366464059912e-09
2.758121847830649934e-09
1.891283552798160108e-09
1.891283552798160108e-09
1.733676590064979651e-09
1.576069627331799815e-09
1.812480071431569880e-09
1.970087034164750130e-09
2.679318366464059912e-09
1.733676590064979651e-09
1.812480071431569880e-09
1.260855701865439728e-09
1.970087034164750130e-09
1.339659183232029956e-09
1.103248739132259891e-09
1.418462664598620185e-09
1.418462664598620185e-09
1.339659183232029956e-09
1.418462664598620185e-09
1.182052220498849913e-09
1.970087034164750130e-09
1.654873108698390043e-09
1.339659183232029956e-09
1.733676590064979651e-09
1.497266145965210000e-09
1.654873108698390043e-09
1.339659183232029956e-09
1.891283552798160108e-09
1.970087034164750130e-09
1.654873108698390043e-09
1.497266145965210000e-09
1.260855701865439728e-09
2.127693996897929760e-09
1.733676590064979651e-09
1.507390581628780287e-05
1.507422103021326498e-05
7.537937951660983422e-06
7.538253165586450606e-06
7.538489576030547606e-06
2.261113453661648767e-05
1.507453624413873385e-05
3.768377949720242012e-05
2.261121334009785023e-05
7.538804789956015637e-06
4.522014137923607439e-05
5.275697608215792437e-05
2.261121334009785023e-05
7.538410772549181657e-06
3.014726000820603733e-05
1.339659183232029956e-09
3.014741761516876584e-05
1.507563949287786561e-05
3.014757522213150451e-05
2.261081932269102388e-05
3.014733881168740328e-05
5.275579402993742836e-05
1.507453624413873385e-05
4.522014137923607439e-05
1.507469385110146914e-05
2.261018889484008951e-05
1.507469385110146914e-05
8.304955049803876613e-05
3.768322787283285847e-05
6.782906941837430533e-05
7.536551010388931201e-05
6.029152548412014149e-05
6.029294394678474212e-05
8.290179318244160034e-05
4.521935334442240813e-05
7.536519488996384821e-05
9.088142701126675877e-05
9.043831267143797974e-05
1.131947616157292786e-04
9.073327567826275646e-05
1.205839966100166744e-04
5.334721730973293483e-05
6.044007083453098033e-05
1.431926882387108075e-04
1.133429917522146401e-04
1.434889121012374394e-04
1.134910642817372697e-04
5.393816776864025238e-05
4.581148585555022169e-05
1.059546235962222630e-04
1.584131693183753089e-04
5.290370895249732605e-05
9.102902671990117912e-05
1.288585934456666095e-04
1.360999923208754939e-04
1.514683095196185203e-04
6.088436722658026215e-05
8.895164235292737443e-04
5.580261822085730858e-04
5.431014521705470341e-04
1.658024043126626911e-04
6.103196693521469604e-05
5.360080470213794473e-04
5.736895412176222075e-04
5.431008217426960523e-04
6.189078701167869193e-04
2.126455120590266311e-04
9.735980687390143702e-04
2.140960583185396587e-03
1.372176780420031892e-03
9.651754781773232324e-04
1.018078005077599968e-03
2.239672783461152568e-03
2.216326172092767787e-03
7.244174880896275120e-04
1.545514128152063399e-03
2.314298246131353803e-03
1.409860165899827489e-03
2.571163497602741137e-03
1.801935319641845496e-03
1.040243897580390812e-03
7.691941999151093775e-04
2.073675064049191816e-02
2.290050346314746049e-02
6.336884677993585846e-04
4.260395427782293076e-02
3.430384273380360748e-03
2.337548017366148159e-02
2.189894272258589153e-02
4.295111016345364713e-02
6.294940252919660473e-02
1.236140588664231543e-01
4.451217647185982257e-02
2.397944762625829618e-01
8.404826610852993152e-02
6.298753092029978073e-02
1.217825369629498555e-01
1.074907214461028049e-01
8.634723403448588130e-02
1.064449768354582132e-01
8.408654603951581930e-02
2.035834440411270208e-01
1.482713169233192407e-01
1.713589351717925979e-01
3.481892271254441451e-01
2.485851128172448521e-01
3.866034732134245311e-01
3.486191382289939300e-01
4.301414570411262184e-01
7.011639352486392918e-01
4.862461651737383095e-01
9.198224919966252466e-01
7.100303792456926777e-01
8.553146577839167986e-01
1.046421394336701782e+00
9.330526091390761723e-01
1.042923897307743486e+00
1.238984887526835221e+00
1.259111447299154474e+00
1.481320995499099791e+00
1.488617508034469683e+00
1.620950530107753362e+00
1.619359765563940012e+00
1.625186532313277255e+00
2.152750785387591570e+00
2.506404732637087740e+00
2.667546618978918538e+00
2.867858242667831181e+00
3.807981675095396756e+00
3.113137245595039015e+00
3.223319894549376841e+00
3.487127299874690944e+00
4.056511540467186094e+00
4.319319895744252236e+00
4.667089149247210855e+00
5.243391122207905042e+00
5.348977164325799727e+00
4.823628364512686062e+00
5.083420131212223581e+00
5.236060478898432180e+00
6.348865396813057060e+00
6.122307704835342257e+00
5.572117785283858815e+00
6.358588131250334285e+00
6.985122529561493820e+00
6.615465408676205250e+00
6.721964942000782095e+00
7.077238174541576221e+00
6.349930566619526040e+00
6.397965252041633022e+00
7.066395278734352914e+00
5.940402327459052501e+00
5.760789364174158322e+00
6.312322040648020050e+00
4.530055380317363323e+00
4.593666585630950649e+00
4.229030015654525521e+00
3.546910869786477072e+00
2.681572435564087087e+00
2.396417900326005768e+00
1.783059550691084016e+00
1.474255499658706059e+00
7.433174882300512820e-01
6.202298251964286635e-01
1.607610491267983666e-01
1.411316274656974623e-01
9.958993482662473196e-02
3.960377236723554989e-02
1.999031391396635660e-02
1.960592114574538289e-02
3.921184197627683443e-02
0.000000000000000000e+00
